101 77 45
102 70 28
103 6 90
104 77 20
105 95 51
106 89 64
107 32 95
108 68 1
109 89 40
110 55 13
111 68 73
112 70 99
113 95 68
114 20 55
115 72 67
116 76 7
117 68 85
118 54 31
119 89 98
120 77 97
121 85 3
122 68 6
123 45 76
124 6 47
125 80 92
126 97 83
127 55 77
128 26 78
129 31 80
130 20 58
131 42 42
132 90 89
133 54 18
134 36 38
135 31 22
136 43 43
137 55 35
138 89 49
139 72 70
140 85 39
141 42 32
142 43 33
143 97 72
144 43 36
145 2 2
146 95 48
147 54 12
148 2 29
149 55 26
150 36 54
151 97 45
152 39 28
153 54 90
154 76 20
155 45 51
156 36 64
157 92 95
158 80 1
159 90 40
160 77 13
161 31 73
162 92 99
163 42 68
164 76 55
165 95 67
166 32 7
167 36 85
168 31 31
169 70 98
170 80 97
171 72 3
172 85 6
173 45 76
174 39 47
175 76 92
176 42 83
177 92 77
178 20 78
179 2 80
180 20 58
181 26 42
182 39 89
183 32 18
184 6 38
185 6 22
186 80 43
187 97 35
188 70 49
189 2 70
190 39 39
191 32 32
192 45 33
193 85 72
194 90 36
195 92 2
196 90 48
197 43 12
198 26 29
199 72 26
200 26 54
